240
239
237
234
232
230
229
226
224
222
222
222
221
219
217
214
213
211
208
207
204
204
203
200
200
199
198
196
195
193
192
190
189
188
188
185
184
182
181
179
177
177
177
175
173
172
172
170
169
169
169
168
168
166
165
162
161
160
158
156
154
152
150
149
149
147
145
143
142
142
140
138
136
134
132
131
128
125
124
122
120
118
115
113
111
111
108
108
105
105
105
102
99
96
94
93
91
88
85
85
83
80
78
76
75
74
71
69
68
65
64
63
60
57
57
56
55
52
50
50
48
45
44
41
41
39
36
36
34
33
30
27
25
23
21
19
18
16
13
11
9
8
6
6
6
5
4
4
3
2