3
11
15
20
27
32
34
36
41
42
47
54
60
64
72
78
81
88
92
101
105
105
106
113
113
120
125
129
134
139
145
151
152
158
164
169
175
177
178
181
186
188
190
198
205
213
214
219
226
228
235
241
247
255
259
261
265
271
278
284
287
292
298
303
306
306
309
311
316
318
321
323
325
327
333
336
341
342
344
350
351
356
360
365
370
370
372
374
377
379
382
386
390
394
397
398
403
406
408
409
414
418
423
430
430
431
432
436
441
444
446
448
449
453
457
458
461
465
470
474
475
477
480
486
493
495
501
502
506
507
510
512
513
515
516
522
525
529
536
542
547
553
559
560
563
568
573
576
576
582